113.661768221715 0
63.2809248902137 1
38.3915285439642 2
25.5358035896438 3
12.4501257125458 4
0.73746406614145 5
0.0091912300941652 6
1.38806079258424E-06 7
3.2085445411667E-14 8


629.408643228852 0
311.913097593927 1
152.970149161261 2
73.1219653231624 3
32.5215409516726 4
11.365804350769 5
1.61057254087028 6
0.0158548730292826 7
1.06181598202859E-06 8
2.96429547574917E-14 9


91.936373737431 0
44.940373544966 1
19.2319591582405 2
4.11166828937514 3
0.058035643159298 4
1.86962200240948E-06 5
6.10622663543836E-15 6


357.549488313825 0
177.865219262763 1
87.6165886236355 2
41.5984362725397 3
15.6220459860479 4
20.1171926748657 5
6.91532837083533 6
1.36050573574259 7
0.0701194891727823 8
0.000200511250262991 9
1.64640567845709E-09 10
1.52766688188422E-13 11


27.0654974511991 0
11.5642908606534 1
2.67924111695134 2
0.129293582816054 3
0.000275997140889023 4
1.25115995341929E-09 5
5.91193760612896E-15 6


128.700340473766 0
57.2817154906713 1
22.3534634413935 2
6.44530548013822 3
0.898337404096436 4
0.0227899