3 0, 0
5 0, 0
7 0, 0
9 0, 0
11 1, 0
13 2, 0
15 9, 0
17 13, 0
19 19, 0
21 12, 0
23 9, 0
25 33, 0
27 30, 1
29 68, 1
31 77, 2
33 34, 1
35 82, 1
37 79, 2
39 64, 3
41 82, 2
43 96, 5
45 94, 2
47 91, 3
49 144, 4
51 92, 4
53 152, 4
55 114, 4
57 120, 6
59 195, 6
61 252, 7
63 356, 8
65 228, 8
67 322, 9
69 289, 9
71 305, 11
73 244, 11
75 302, 11
77 215, 13
79 520, 16
81 328, 23
83 429, 17
85 635, 17
87 593, 17
89 954, 18
91 785, 24
93 502, 21
95 525, 23
97 581, 24
99 554, 26
101 499, 27
103 548, 30
105 902, 27
107 756, 34
109 798, 37
111 975, 35
113 1159, 37
115 1375, 34
117 1301, 40
119 1456, 43
121 1811, 39
123 1842, 46
125 1651, 46
127 1526, 52
129 1379, 59
131 1839, 50
133 1429, 61
135 1793, 57
137 2216, 60
139 2082, 66
141 1884, 68
143 1766, 80
145 2589, 79
147 1851, 80
149 3175, 91
