5 1 0
10 0 0
15 0 0
20 1 0
25 2 1
30 4 12
35 10 3
40 8 6
45 11 6
50 11 9
55 26 22
60 53 23
65 42 36
70 97 71
75 116 40
80 108 70
85 103 77
90 142 48
95 73 53
100 119 93
105 135 71
110 110 71
115 123 84
120 185 112
125 217 129
130 203 148
135 218 188
140 260 155
145 245 178
150 297 201
155 328 219
160 394 255
165 449 239
170 495 280
175 496 367
180 480 302
185 509 329
190 574 367
195 616 419
200 711 419
205 697 453
210 791 486
215 798 548
220 970 571
225 1017 729
230 1256 832
235 1214 891
240 1344 780
245 1243 858
250 1288 833
255 1421 881
260 1466 947
265 1613 1296
270 2001 1279
275 1768 1255
280 2155 1346
285 2188 1326
290 2212 1329
295 2361 1591
300 2494 1514
