5 7
10 0
15 0
20 0
25 0
30 0
35 0
40 0
45 0
50 0
55 0
60 1
65 1
70 2
75 2
80 3
85 3
90 4
95 5
100 5
105 6
110 7
115 11
120 9
125 15
130 12
135 15
140 20
145 24
150 20
155 21
160 23
165 33
170 39
175 32
180 43
185 41
190 47
195 67
200 50
205 65
210 77
215 76
220 82
225 95
230 105
235 99
240 120
245 95
250 92
255 102
260 105
265 118
270 121
275 127
280 136
285 146
290 157
295 160
300 170
305 177
310 185
315 215
320 222
325 260
330 277
335 317
340 314
345 313
350 306
355 320
360 334
365 369
370 418
375 431
380 458
385 467
390 456
395 459
400 453
