-4 -0.999999970039942
-3.96875 -0.999999964951357
-3.9375 -0.999999958596454
-3.90625 -0.999999950622296
-3.875 -0.999999940588796
-3.84375 -0.9999999279471
-3.8125 -0.999999912012954
-3.78125 -0.999999891933967
-3.75 -0.999999866649456
-3.71875 -0.999999834841328
-3.6875 -0.999999794874134
-3.65625 -1.00000182101998
-3.625 -1.00000171128293
-3.59375 -1.00000157643868
-3.5625 -1.00000141310599
-3.53125 -1.00000121710107
-3.5 -0.999999230082724
-3.46875 -0.99999904055946
-3.4375 -0.999998805415039
-3.40625 -0.999998514184631
-3.375 -0.999998154138832
-3.34375 -0.999997709826746
-3.3125 -0.99999716253444
-3.28125 -0.999996489644692
-3.25 -0.999995663881947
-3.21875 -0.999994652424154
-3.1875 -0.999993415860663
-3.15625 -0.999991906972649
-3.125 -0.999990069309513
-3.09375 -0.999987835531457
-3.0625 -0.999985125484884
-3.03125 -0.999981843973481
-3 -0.999977878183746
-2.96875 -0.999973094719396
-2.9375 -0.999967336194562
-2.90625 -0.99996041733087
-2.875 -0.999952120498609
-2.84375 -0.999942190637152
-2.8125 -1.00004646045585
-2.78125 -0.999916189042342
-2.75 -0.999899364192553
-2.71875 -0.999879384387441
-2.6875 -0.999855704317796
-2.65625 -0.999828301048488
-2.625 -0.999795067547313
-2.59375 -0.999755956149466
-2.5625 -0.99971000446082
-2.53125 -0.999656110046851
-2.5 -0.999593012962763
-2.46875 -0.999519276582918
-2.4375 -0.999433266639028
-2.40625 -0.999333405924885
-2.375 -0.999217092638692
-2.34375 -0.999082169353779
-2.3125 -0.998925963953575
-2.28125 -0.998745472445467
-2.25 -0.998537325937439
-2.21875 -0.99829775554594
-2.1875 -0.99802255528371
-2.15625 -0.997706613678251
-2.125 -0.997345627682511
-2.09375 -0.996933371477845
-2.0625 -0.996463482436089
-2.03125 -0.995928949216296
-2 -0.995322065658113
-1.96875 -0.994634384120518
-1.9375 -0.993856668675555
-1.90625 -0.9929788486239
-1.875 -0.991989972857186
-1.84375 -0.990878165650087
-1.8125 -0.989630584522385
-1.78125 -0.988233380866406
-1.75 -0.986671664087289
-1.71875 -0.984929470051161
-1.6875 -0.982989734678236
-1.65625 -0.980834273552626
-1.625 -0.978443822646411
-1.59375 -0.975797612892745
-1.5625 -0.972874521374099
-1.53125 -0.969651616212135
-1.5 -0.966105079429904
-1.46875 -0.96221002750813
-1.4375 -0.957940558309171
-1.40625 -0.953269810938934
-1.375 -0.948170039191811
-1.34375 -0.942612699119297
-1.3125 -0.93656163970565
-1.28125 -0.930007776977052
-1.25 -0.922900111526323
-1.21875 -0.915214989640804
-1.1875 -0.906921707564064
-1.15625 -0.897989598601256
-1.125 -0.888388222381254
-1.09375 -0.878087566855523
-1.0625 -0.867058261957919
-1.03125 -0.855271803627742
-1 -0.842700786678431
-0.96875 -0.82931914478
-0.9375 -0.815102395618569
-0.90625 -0.800027889105033
-0.875 -0.784075056331063
-0.84375 -0.767225134453743
-0.8125 -0.749463541957456
-0.78125 -0.730776848717355
-0.75 -0.711155227451777
-0.71875 -0.690592098087645
-0.6875 -0.669084326312217
-0.65625 -0.6466324041224
-0.625 -0.623240609726938
-0.59375 -0.598917144282321
-0.5625 -0.573674642332133
-0.53125 -0.547528560781026
-0.5 -0.520499936920214
-0.46875 -0.492613489532751
-0.4375 -0.463898121629908
-0.40625 -0.434386877416652
-0.375 -0.404116865187404
-0.34375 -0.373129145933954
-0.3125 -0.341468587848359
-0.28125 -0.309183687312786
-0.25 -0.276326357379288
-0.21875 -0.242951685149123
-0.1875 -0.209117659856709
-0.15625 -0.17488487384142
-0.125 -0.140316198944738
-0.09375 -0.105475736511877
-0.0625 -0.07043176914773
-0.03125 -0.0352503478707473
0 0
0.03125 0.0352503478707473
0.0625 0.07043176914773
0.09375 0.105475736511877
0.125 0.140316198944738
0.15625 0.17488487384142
0.1875 0.209117659856709
0.21875 0.242951685149123
0.25 0.276326357379288
0.28125 0.309183687312786
0.3125 0.341468587848359
0.34375 0.373129145933954
0.375 0.404116865187404
0.40625 0.434386877416652
0.4375 0.463898121629908
0.46875 0.492613489532751
0.5 0.520499936920214
0.53125 0.547528560781026
0.5625 0.573674642332133
0.59375 0.598917144282321
0.625 0.623240609726938
0.65625 0.6466324041224
0.6875 0.669084326312217
0.71875 0.690592098087645
0.75 0.711155227451777
0.78125 0.730776848717355
0.8125 0.749463541957457
0.84375 0.767225134453744
0.875 0.784075056331063
0.90625 0.800027889105033
0.9375 0.815102395618569
0.96875 0.82931914478
1 0.842700786678431
1.03125 0.855271803627742
1.0625 0.867058261957919
1.09375 0.878087566855523
1.125 0.888388222381254
1.15625 0.897989598601256
1.1875 0.906921707564064
1.21875 0.915214989640804
1.25 0.922900111526323
1.28125 0.930007776977052
1.3125 0.93656163970565
1.34375 0.942612699119297
1.375 0.948170039191811
1.40625 0.953269810938934
1.4375 0.957940558309172
1.46875 0.96221002750813
1.5 0.966105079429903
1.53125 0.969651616212135
1.5625 0.972874521374099
1.59375 0.975797612892745
1.625 0.978443822646411
1.65625 0.980834273552626
1.6875 0.982989734678236
1.71875 0.984929470051161
1.75 0.986671664087289
1.78125 0.988233380866406
1.8125 0.989630584522385
1.84375 0.990878165650087
1.875 0.991989972857186
1.90625 0.9929788486239
1.9375 0.993856668675555
1.96875 0.994634384120519
2 0.995322065658113
2.03125 0.995928949216296
2.0625 0.996463482436089
2.09375 0.996933371477845
2.125 0.997345627682511
2.15625 0.997706613678252
2.1875 0.99802255528371
2.21875 0.99829775554594
2.25 0.998537325937439
2.28125 0.998745472445467
2.3125 0.998925963953575
2.34375 0.999082169353779
2.375 0.999217092638692
2.40625 0.999333405924885
2.4375 0.999433266639028
2.46875 0.999519276582918
2.5 0.999593012962763
2.53125 0.999656110046851
2.5625 0.999710004460821
2.59375 0.999755956149466
2.625 0.999795067547313
2.65625 0.999828301048488
2.6875 0.999855704317796
2.71875 0.999879384387441
2.75 0.999899364192553
2.78125 0.999916189042342
2.8125 1.00004646045585
2.84375 0.999942190637153
2.875 0.999952120498609
2.90625 0.99996041733087
2.9375 0.999967336194562
2.96875 0.999973094719396
3 0.999977878183746
3.03125 0.999981843973481
3.0625 0.999985125484884
3.09375 0.999987835531457
3.125 0.999990069309513
3.15625 0.999991906972649
3.1875 0.999993415860663
3.21875 0.999994652424154
3.25 0.999995663881948
3.28125 0.999996489644692
3.3125 0.999997162534441
3.34375 0.999997709826746
3.375 0.999998154138832
3.40625 0.999998514184631
3.4375 0.999998805415039
3.46875 0.99999904055946
3.5 0.999999230082724
3.53125 1.00000121710107
3.5625 1.00000141310599
3.59375 1.00000157643868
3.625 1.00000171128293
3.65625 1.00000182101998
3.6875 0.999999794874134
3.71875 0.999999834841328
3.75 0.999999866649456
3.78125 0.999999891933967
3.8125 0.999999912012954
3.84375 0.9999999279471
3.875 0.999999940588797
3.90625 0.999999950622297
3.9375 0.999999958596454
3.96875 0.999999964951358
4 0.999999970039942
